F1_score: 0.9767441860465116, 
Avg: 0.9824561403508771