F1_score: 0.9911445497793001, 
Avg: 0.9912280701754386